<?xml version="1.0"?>
<opencv_storage>
<K1 type_id="opencv-matrix">
  <rows>3</rows>
  <cols>3</cols>
  <dt>d</dt>
  <data>
    4.8086927187269072e+02 0. 3.0000000179501378e+00 0.
    9.1750169578817417e+02 4.5000000080404403e+00 0. 0. 1.</data></K1>
<D1 type_id="opencv-matrix">
  <rows>5</rows>
  <cols>1</cols>
  <dt>d</dt>
  <data>
    -1.1135249150119977e-02 2.8995961253401858e-05
    5.3504806423885229e-04 2.5550911644073877e-03
    -2.0636098060314912e-08</data></D1>
<RMS1>2.7777939688090299e+02</RMS1>
 <!-- resumed -->

<K2 type_id="opencv-matrix">
  <rows>3</rows>
  <cols>3</cols>
  <dt>d</dt>
  <data>
    6.2124819543328272e+02 0. 3.0000000053478493e+00 0.
    1.7911480447839408e+03 4.5000003132516060e+00 0. 0. 1.</data></K2>
<D2 type_id="opencv-matrix">
  <rows>5</rows>
  <cols>1</cols>
  <dt>d</dt>
  <data>
    -1.6186501315204223e-02 5.8077149501829685e-05
    2.5897383458242841e-04 -9.7793762221791165e-04
    -5.5395176230701054e-08</data></D2>
<RMS2>2.6915848702194648e+02</RMS2>
</opencv_storage>
