<?xml version="1.0"?>
<opencv_storage>
<ST_RMS>9.0666969605274372e-01</ST_RMS>
<K1 type_id="opencv-matrix">
  <rows>3</rows>
  <cols>3</cols>
  <dt>d</dt>
  <data>
    5.5477733534186052e+02 0. 2.3250000000000000e+02 0.
    5.5477733534186052e+02 2.3250000000000000e+02 0. 0. 1.</data></K1>
<D1 type_id="opencv-matrix">
  <rows>1</rows>
  <cols>14</cols>
  <dt>d</dt>
  <data>
    -5.0356530342063249e-02 1.1000823553246557e-01
    -3.2782067966475377e-02 3.3177039198268271e-03 0. 0. 0.
    1.7100338981264113e-01 0. 0. 0. 0. 0. 0.</data></D1>
<K2 type_id="opencv-matrix">
  <rows>3</rows>
  <cols>3</cols>
  <dt>d</dt>
  <data>
    5.2881592543946044e+02 0. 2.3250000000000000e+02 0.
    5.2881592543946044e+02 2.3250000000000000e+02 0. 0. 1.</data></K2>
<D2 type_id="opencv-matrix">
  <rows>1</rows>
  <cols>14</cols>
  <dt>d</dt>
  <data>
    -3.6031578190607892e-02 4.0722382872456303e-01
    -3.5939620092981329e-02 -3.5169778347102403e-03 0. 0. 0.
    7.0233937570363447e-01 0. 0. 0. 0. 0. 0.</data></D2>
<R type_id="opencv-matrix">
  <rows>3</rows>
  <cols>3</cols>
  <dt>d</dt>
  <data>
    9.9993926110193387e-01 -1.1011425484312861e-02
    -4.7182170573547709e-04 1.0998094662783097e-02
    9.9968856170167297e-01 -2.2401373096952205e-02
    7.1834581298968535e-04 2.2394823322451497e-02 9.9974894641987455e-01</data></R>
<T type_id="opencv-matrix">
  <rows>3</rows>
  <cols>1</cols>
  <dt>d</dt>
  <data>
    8.5881005960168233e-02 3.5923956061828413e-04
    -1.5600822620937479e-03</data></T>
<E type_id="opencv-matrix">
  <rows>3</rows>
  <cols>3</cols>
  <dt>d</dt>
  <data>
    1.7415990634466231e-05 1.5676414992192727e-03 3.2420138742536900e-04
    -1.6216797654630848e-03 -1.9061112256539281e-03
    -8.5858709145483172e-02 5.8530969248173927e-04
    8.5858215065466148e-02 -1.9236829594330462e-03</data></E>
<F type_id="opencv-matrix">
  <rows>3</rows>
  <cols>3</cols>
  <dt>d</dt>
  <data>
    -6.5757381682599583e-08 -5.9189283325429211e-06
    7.1234540399698373e-04 6.1229600740292814e-06 7.1968850940217857e-06
    1.7674856109116713e-01 -2.5769552978771814e-03
    -1.7172550090745423e-01 9.9999999999999989e-01</data></F>
<R1 type_id="opencv-matrix">
  <rows>3</rows>
  <cols>3</cols>
  <dt>d</dt>
  <data>
    -9.9979852323458962e-01 7.2352952454595287e-03
    1.8723339462944806e-02 -7.0263557348245881e-03
    -9.9991257863719840e-01 1.1201134237054520e-02
    1.8802746156381878e-02 1.1067320625148981e-02 9.9976195724340244e-01</data></R1>
<R2 type_id="opencv-matrix">
  <rows>3</rows>
  <cols>3</cols>
  <dt>d</dt>
  <data>
    -9.9982630156641505e-01 -4.1822654177561692e-03
    1.8162470977249628e-02 3.9792489505103288e-03
    -9.9992936487789108e-01 -1.1199590737499697e-02
    1.8208027729928824e-02 -1.1125372392556905e-02
    9.9977232098879054e-01</data></R2>
<P1 type_id="opencv-matrix">
  <rows>3</rows>
  <cols>4</cols>
  <dt>d</dt>
  <data>
    -4.4828294336679653e+02 0. 2.2070586204528809e+02 0. 0.
    -4.4828294336679653e+02 2.4691927719116211e+02 0. 0. 0. 1. 0.</data></P1>
<P2 type_id="opencv-matrix">
  <rows>3</rows>
  <cols>4</cols>
  <dt>d</dt>
  <data>
    -4.4828294336679653e+02 0. 2.2070586204528809e+02
    3.8505678507166429e+01 0. -4.4828294336679653e+02
    2.4691927719116211e+02 0. 0. 0. 1. 0.</data></P2>
<Q type_id="opencv-matrix">
  <rows>4</rows>
  <cols>4</cols>
  <dt>d</dt>
  <data>
    1. 0. 0. -2.2070586204528809e+02 0. 1. 0. -2.4691927719116211e+02 0.
    0. 0. -4.4828294336679653e+02 0. 0. 1.1641995693787477e+01 0.</data></Q>
</opencv_storage>
