<?xml version="1.0"?>
<opencv_storage>
<ST_RMS>1.1215700097369731e+02</ST_RMS>
<R type_id="opencv-matrix">
  <rows>3</rows>
  <cols>3</cols>
  <dt>d</dt>
  <data>
    -8.9795129476905144e-01 -1.6715927725286178e-01
    -4.0711331131625378e-01 2.5638166594422296e-01
    5.5318508665029886e-01 -7.9262519596298930e-01
    3.5770366728655295e-01 -8.1611520996486964e-01
    -4.5387669082444426e-01</data></R>
<T type_id="opencv-matrix">
  <rows>3</rows>
  <cols>1</cols>
  <dt>d</dt>
  <data>
    3.5118374281814696e-01 3.1818891961492796e-01 7.3414260339432036e-01</data></T>
<E type_id="opencv-matrix">
  <rows>3</rows>
  <cols>3</cols>
  <dt>d</dt>
  <data>
    -7.4403360262658882e-02 -6.6579555661239509e-01
    4.3748139098837369e-01 -7.8484401396052106e-01
    1.6388764702235187e-01 -1.3948511118455370e-01
    3.7575522538563422e-01 2.4745783903373320e-01
    -1.4881813828167514e-01</data></E>
<F type_id="opencv-matrix">
  <rows>3</rows>
  <cols>3</cols>
  <dt>d</dt>
  <data>
    6.5487707889190456e-07 1.0122879118199314e-05
    -3.0330014888733914e-03 8.7993935818683446e-06
    -3.1740336838080452e-06 4.5149370962916378e-04
    -2.5730233719870660e-03 -2.8958925887258625e-03 1.</data></F>
<R1 type_id="opencv-matrix">
  <rows>3</rows>
  <cols>3</cols>
  <dt>d</dt>
  <data>
    -3.3002016813417800e-02 5.5141572101097625e-01
    8.3357757257989618e-01 -5.2315012739352795e-01
    -7.2018033233473988e-01 4.5569094036019564e-01
    8.5160132168426261e-01 -4.2104749321207113e-01
    3.1224060813009025e-01</data></R1>
<R2 type_id="opencv-matrix">
  <rows>3</rows>
  <cols>3</cols>
  <dt>d</dt>
  <data>
    -4.0190057547442914e-01 -3.6414074545884234e-01
    -8.4016512956085099e-01 4.0463031042955666e-01
    -8.9371124164807791e-01 1.9378990797647791e-01
    -8.2143182268220150e-01 -2.6207200164941269e-01
    5.0652544520139076e-01</data></R2>
<P1 type_id="opencv-matrix">
  <rows>3</rows>
  <cols>4</cols>
  <dt>d</dt>
  <data>
    5.2374910760089748e+04 0. 8.4644164398193359e+04 0. 0.
    5.2374910760089748e+04 -6.6819319866180420e+04 0. 0. 0. 1. 0.</data></P1>
<P2 type_id="opencv-matrix">
  <rows>3</rows>
  <cols>4</cols>
  <dt>d</dt>
  <data>
    5.2374910760089748e+04 0. 8.4644164398193359e+04
    -4.5765590578670424e+04 0. 5.2374910760089748e+04
    -6.6819319866180420e+04 0. 0. 0. 1. 0.</data></P2>
<Q type_id="opencv-matrix">
  <rows>4</rows>
  <cols>4</cols>
  <dt>d</dt>
  <data>
    1. 0. 0. -8.4644164398193359e+04 0. 1. 0. 6.6819319866180420e+04 0.
    0. 0. 5.2374910760089748e+04 0. 0. 1.1444168008726554e+00 0.</data></Q>
</opencv_storage>
