<?xml version="1.0"?>
<opencv_storage>
<K1 type_id="opencv-matrix">
  <rows>3</rows>
  <cols>3</cols>
  <dt>d</dt>
  <data>
    3.4346300000000002e+02 0. 3. 0. 5.9677400000000000e+02
    4.5000000000000000e+00 0. 0. 1.</data></K1>
<K2 type_id="opencv-matrix">
  <rows>3</rows>
  <cols>3</cols>
  <dt>d</dt>
  <data>
    7.6369299999999998e+02 0. -1.3225700000000001e+02 0.
    9.7449400000000003e+02 8.2488100000000006e+00 0. 0. 1.</data></K2>
<D1 type_id="opencv-matrix">
  <rows>5</rows>
  <cols>1</cols>
  <dt>d</dt>
  <data>
    -1.1806900000000000e-02 3.3522899999999997e-05
    7.2050000000000000e-04 2.0142400000000000e-03
    -2.4341500000000000e-08</data></D1>
<D2 type_id="opencv-matrix">
  <rows>5</rows>
  <cols>1</cols>
  <dt>d</dt>
  <data>
    -1.5190100000000001e-01 -1.3287900000000000e-01
    -1.5273699999999999e-02 -1.8981000000000001e-02
    5.7985299999999997e-02</data></D2>
<R type_id="opencv-matrix">
  <rows>3</rows>
  <cols>3</cols>
  <dt>d</dt>
  <data>
    9.8596402883843792e-01 -1.1536066336018796e-01
    1.2069321101774309e-01 1.2272404046839769e-01 9.9089092613025587e-01
    -5.5443506417207113e-02 -1.1319780796370203e-01
    6.9477261473241653e-02 9.9114033638551491e-01</data></R>
<T type_id="opencv-matrix">
  <rows>3</rows>
  <cols>1</cols>
  <dt>d</dt>
  <data>
    3.0749835819007112e-02 1.7919775450225845e-03 4.4626340188117120e-02</data></T>
<E type_id="opencv-matrix">
  <rows>3</rows>
  <cols>3</cols>
  <dt>d</dt>
  <data>
    -5.6795727092197002e-03 -4.4095333866357514e-02
    4.2503420053653131e-03 4.7480780174145983e-02
    -7.2845385908950153e-03 -2.5091306324176055e-02
    2.0069186955699327e-03 3.0676457011369639e-02
    -1.9211582435396538e-03</data></E>
<F type_id="opencv-matrix">
  <rows>3</rows>
  <cols>3</cols>
  <dt>d</dt>
  <data>
    1.8790792552281790e-05 8.3963809531311298e-05
    -5.2640553755694108e-03 -1.2310818290531885e-04
    1.0870291449462428e-05 2.2664993913895939e-02
    -1.5701081344925501e-03 -3.3593970271276224e-02 1.</data></F>
<R1 type_id="opencv-matrix">
  <rows>3</rows>
  <cols>3</cols>
  <dt>d</dt>
  <data>
    -4.7002083357429020e-01 -2.4506520818798942e-02
    -8.8231504942593342e-01 -9.1581827573931074e-03
    -9.9942528011245235e-01 3.2637971149083025e-02
    -8.8260780853939391e-01 2.3420928877906651e-02
    4.6952626805726683e-01</data></R1>
<R2 type_id="opencv-matrix">
  <rows>3</rows>
  <cols>3</cols>
  <dt>d</dt>
  <data>
    -5.6708598265509613e-01 -3.3047504806086196e-02
    -8.2299535278286717e-01 1.1020390606348374e-01
    -9.9325493416280242e-01 -3.6051835592630095e-02
    -8.1625277173462318e-01 -1.1114179316233333e-01
    5.6690291448201779e-01</data></R2>
<P1 type_id="opencv-matrix">
  <rows>3</rows>
  <cols>4</cols>
  <dt>d</dt>
  <data>
    7.8563400000000001e+02 0. 4.1236914062500000e+02 0. 0.
    7.8563400000000001e+02 4.0460963153839111e+02 0. 0. 0. 1. 0.</data></P1>
<P2 type_id="opencv-matrix">
  <rows>3</rows>
  <cols>4</cols>
  <dt>d</dt>
  <data>
    7.8563400000000001e+02 0. 4.1236914062500000e+02
    -4.2600447291469905e+01 0. 7.8563400000000001e+02
    4.0460963153839111e+02 0. 0. 0. 1. 0.</data></P2>
<Q type_id="opencv-matrix">
  <rows>4</rows>
  <cols>4</cols>
  <dt>d</dt>
  <data>
    1. 0. 0. -4.1236914062500000e+02 0. 1. 0. -4.0460963153839111e+02 0.
    0. 0. 7.8563400000000001e+02 0. 0. 1.8441919039599174e+01 0.</data></Q>
</opencv_storage>
