<?xml version="1.0"?>
<opencv_storage>
<ST_RMS>5.6822941969595476e+01</ST_RMS>
<R type_id="opencv-matrix">
  <rows>3</rows>
  <cols>3</cols>
  <dt>d</dt>
  <data>
    -9.4179592167331261e-01 3.3592782013482547e-01
    -1.3150725416489963e-02 3.3144251519346724e-01
    9.2125179760653464e-01 -2.0357058856563001e-01
    -5.6269894630644170e-02 -1.9608065959240631e-01
    -9.7897194744898752e-01</data></R>
<T type_id="opencv-matrix">
  <rows>3</rows>
  <cols>1</cols>
  <dt>d</dt>
  <data>
    3.1057235471943700e-01 1.6477631515606353e-01 1.6720775416954479e+00</data></T>
<E type_id="opencv-matrix">
  <rows>3</rows>
  <cols>3</cols>
  <dt>d</dt>
  <data>
    -5.6346953190950633e-01 -1.5727138895854538e+00
    1.7907441914851446e-01 -1.5572799358150573e+00
    6.2259459584270360e-01 2.8205259029758861e-01 2.5812254400010498e-01
    2.3076239171195023e-01 -6.1056468966691001e-02</data></E>
<F type_id="opencv-matrix">
  <rows>3</rows>
  <cols>3</cols>
  <dt>d</dt>
  <data>
    3.3748312099299972e-06 2.6170065500764018e-05
    -6.3693109775797511e-03 6.3979836773467841e-06
    -7.1064917236395203e-06 4.8173678221447842e-05
    -1.3285720211424494e-03 -3.2497490876810349e-03
    9.9999999999999989e-01</data></F>
<R1 type_id="opencv-matrix">
  <rows>3</rows>
  <cols>3</cols>
  <dt>d</dt>
  <data>
    1.9428877953203852e-01 4.1981756217857123e-02 9.8004561235322885e-01
    7.0113409571366483e-02 9.9593416095396126e-01
    -5.6561973473410854e-02 -9.7843547561718580e-01
    7.9703696211615133e-02 1.9055534855778208e-01</data></R1>
<R2 type_id="opencv-matrix">
  <rows>3</rows>
  <cols>3</cols>
  <dt>d</dt>
  <data>
    -1.8176585108215565e-01 -9.6437131983560076e-02
    -9.7860158131650543e-01 2.6927329948031159e-01
    9.5225905512413178e-01 -1.4385611603641368e-01
    9.4575528841628254e-01 -2.8965940604247781e-01
    -1.4712023288369566e-01</data></R2>
<P1 type_id="opencv-matrix">
  <rows>3</rows>
  <cols>4</cols>
  <dt>d</dt>
  <data>
    6.3341460320229762e+03 0. -4.1433392517089844e+04 0. 0.
    6.3341460320229762e+03 -4.6982293262481689e+03 0. 0. 0. 1. 0.</data></P1>
<P2 type_id="opencv-matrix">
  <rows>3</rows>
  <cols>4</cols>
  <dt>d</dt>
  <data>
    6.3341460320229762e+03 0. -4.1433392517089844e+04
    -1.0822773566047905e+04 0. 6.3341460320229762e+03
    -4.6982293262481689e+03 0. 0. 0. 1. 0.</data></P2>
<Q type_id="opencv-matrix">
  <rows>4</rows>
  <cols>4</cols>
  <dt>d</dt>
  <data>
    1. 0. 0. 4.1433392517089844e+04 0. 1. 0. 4.6982293262481689e+03 0.
    0. 0. 6.3341460320229762e+03 0. 0. 5.8526088468614090e-01 0.</data></Q>
</opencv_storage>
