<?xml version="1.0"?>
<opencv_storage>
<R type_id="opencv-matrix">
  <rows>3</rows>
  <cols>3</cols>
  <dt>d</dt>
  <data>
    9.9987272595483756e-01 -1.5738991751291016e-02
    -2.6107528215109938e-03 1.5328449412632604e-02
    9.9309062889838118e-01 -1.1634449463907712e-01
    4.4238592028451222e-03 1.1628966821205861e-01 9.9320548857569391e-01</data></R>
<T type_id="opencv-matrix">
  <rows>3</rows>
  <cols>1</cols>
  <dt>d</dt>
  <data>
    9.5851691886796264e-02 1.5553526285230422e-02 1.2426602547136917e-01</data></T>
<E type_id="opencv-matrix">
  <rows>3</rows>
  <cols>3</cols>
  <dt>d</dt>
  <data>
    -1.8359988747531869e-03 -1.2159871097482729e-01
    2.9905515607470311e-02 1.2382617524236948e-01
    -1.3102383396939607e-02 -9.5524854347849700e-02
    -1.4082288914821557e-02 9.5434213798739093e-02
    -1.1111210240236230e-02</data></E>
<F type_id="opencv-matrix">
  <rows>3</rows>
  <cols>3</cols>
  <dt>d</dt>
  <data>
    5.3924939380021128e-07 1.8718298834114764e-05
    -4.3095745215970174e-03 -1.2614306243643593e-05
    6.9955419557470107e-07 4.7141396536460435e-03 2.6246881869827071e-03
    -9.1858530616718732e-03 1.</data></F>
<ST_RMS>6.4841632166704997e+01</ST_RMS>
<R1 type_id="opencv-matrix">
  <rows>3</rows>
  <cols>3</cols>
  <dt>d</dt>
  <data>
    -6.1270347635207989e-01 -1.8000661679349597e-01
    -7.6954016657783098e-01 2.1550048605872790e-01
    -9.7487037677599364e-01 5.6456080213595640e-02
    -7.6036438013266250e-01 -1.3124544333115512e-01
    6.3609798225609893e-01</data></R1>
<R2 type_id="opencv-matrix">
  <rows>3</rows>
  <cols>3</cols>
  <dt>d</dt>
  <data>
    -6.0778329328410985e-01 -9.8622916734561097e-02
    -7.8795494077992168e-01 2.3066914238807895e-01
    -9.7139970138967835e-01 -5.6341520124963185e-02
    -7.5986262913415470e-01 -2.1600032508033715e-01
    6.1314977322879183e-01</data></R2>
<P1 type_id="opencv-matrix">
  <rows>3</rows>
  <cols>4</cols>
  <dt>d</dt>
  <data>
    8.2693858288817319e+02 0. -2.4438845367431641e+03 0. 0.
    8.2693858288817319e+02 6.8234899997711182e+02 0. 0. 0. 1. 0.</data></P1>
<P2 type_id="opencv-matrix">
  <rows>3</rows>
  <cols>4</cols>
  <dt>d</dt>
  <data>
    8.2693858288817319e+02 0. -2.4438845367431641e+03
    -1.3041401949041270e+02 0. 8.2693858288817319e+02
    6.8234899997711182e+02 0. 0. 0. 1. 0.</data></P2>
<Q type_id="opencv-matrix">
  <rows>4</rows>
  <cols>4</cols>
  <dt>d</dt>
  <data>
    1. 0. 0. 2.4438845367431641e+03 0. 1. 0. -6.8234899997711182e+02 0.
    0. 0. 8.2693858288817319e+02 0. 0. 6.3408718335605396e+00 0.</data></Q>
</opencv_storage>
