<?xml version="1.0"?>
<opencv_storage>
<ST_RMS>1.2033240107816616e+00</ST_RMS>
<R type_id="opencv-matrix">
  <rows>3</rows>
  <cols>3</cols>
  <dt>d</dt>
  <data>
    9.9994004671693915e-01 -1.0911654732147818e-02
    -9.1583990517103968e-04 1.0890307785465212e-02
    9.9972538822462020e-01 -2.0749682779992389e-02
    1.1420017790456055e-03 2.0738464989937734e-02 9.9978428268391861e-01</data></R>
<T type_id="opencv-matrix">
  <rows>3</rows>
  <cols>1</cols>
  <dt>d</dt>
  <data>
    8.5132909234035839e-02 -2.4817981405731907e-04
    1.5900201640882961e-03</data></T>
<E type_id="opencv-matrix">
  <rows>3</rows>
  <cols>3</cols>
  <dt>d</dt>
  <data>
    -1.7599230761194111e-05 -1.5947303942131831e-03
    -2.1513386335530145e-04 1.4927029033587290e-03
    -1.7828756086892836e-03 -8.5116000795261965e-02
    1.1752885190934007e-03 8.5106822682245342e-02
    -1.7667081537215000e-03</data></E>
<F type_id="opencv-matrix">
  <rows>3</rows>
  <cols>3</cols>
  <dt>d</dt>
  <data>
    7.1827936932944567e-08 6.5085909568937524e-06
    -1.0587533778882497e-03 -6.0921850197274927e-06
    7.2764701206480511e-06 1.8614881550657650e-01
    -1.0636277708387959e-03 -1.8158574494233268e-01
    9.9999999999999989e-01</data></F>
<K1 type_id="opencv-matrix">
  <rows>3</rows>
  <cols>3</cols>
  <dt>d</dt>
  <data>
    5.3665018358435123e+02 0. 2.3250000000000000e+02 0.
    5.3665018358435123e+02 2.3250000000000000e+02 0. 0. 1.</data></K1>
<D1 type_id="opencv-matrix">
  <rows>1</rows>
  <cols>14</cols>
  <dt>d</dt>
  <data>
    -5.9144469609593166e-02 -8.9659055898639539e-02
    -3.2797371362924328e-02 1.2186017420326023e-02 0. 0. 0.
    -5.3869803549429307e-01 0. 0. 0. 0. 0. 0.</data></D1>
<K2 type_id="opencv-matrix">
  <rows>3</rows>
  <cols>3</cols>
  <dt>d</dt>
  <data>
    5.1355128971256556e+02 0. 2.3250000000000000e+02 0.
    5.1355128971256556e+02 2.3250000000000000e+02 0. 0. 1.</data></K2>
<D2 type_id="opencv-matrix">
  <rows>1</rows>
  <cols>14</cols>
  <dt>d</dt>
  <data>
    -8.3250171747337398e-02 6.2250507666902433e-01
    -3.5587568174014213e-02 1.2534036234340359e-03 0. 0. 0.
    1.0153739889620106e+00 0. 0. 0. 0. 0. 0.</data></D2>
<R1 type_id="opencv-matrix">
  <rows>3</rows>
  <cols>3</cols>
  <dt>d</dt>
  <data>
    -9.9975102595598164e-01 1.3436327458285760e-02
    -1.7814353886567207e-02 -1.3622622189831969e-02
    -9.9985335216187776e-01 1.0377780848001233e-02
    -1.7672302188318119e-02 1.0617875262488240e-02
    9.9978745264194779e-01</data></R1>
<R2 type_id="opencv-matrix">
  <rows>3</rows>
  <cols>3</cols>
  <dt>d</dt>
  <data>
    -9.9982138506965079e-01 2.9146834951332013e-03
    -1.8673579665616113e-02 -2.7212552931684588e-03
    -9.9994247086676991e-01 -1.0375438616679689e-02
    -1.8702746510454445e-02 -1.0322769830926368e-02
    9.9977179780987191e-01</data></R2>
<P1 type_id="opencv-matrix">
  <rows>3</rows>
  <cols>4</cols>
  <dt>d</dt>
  <data>
    -4.3030493228440486e+02 0. 2.4126911544799805e+02 0. 0.
    -4.3030493228440486e+02 2.4706012153625488e+02 0. 0. 0. 1. 0.</data></P1>
<P2 type_id="opencv-matrix">
  <rows>3</rows>
  <cols>4</cols>
  <dt>d</dt>
  <data>
    -4.3030493228440486e+02 0. 2.4126911544799805e+02
    3.6639655132575697e+01 0. -4.3030493228440486e+02
    2.4706012153625488e+02 0. 0. 0. 1. 0.</data></P2>
<Q type_id="opencv-matrix">
  <rows>4</rows>
  <cols>4</cols>
  <dt>d</dt>
  <data>
    1. 0. 0. -2.4126911544799805e+02 0. 1. 0. -2.4706012153625488e+02 0.
    0. 0. -4.3030493228440486e+02 0. 0. 1.1744240788495524e+01 0.</data></Q>
<Epipolar_err>1.1913345301592793e+00</Epipolar_err>
</opencv_storage>
