<?xml version="1.0"?>
<opencv_storage>
<R type_id="opencv-matrix">
  <rows>3</rows>
  <cols>3</cols>
  <dt>d</dt>
  <data>
    9.9914410545086230e-01 -2.4573956942031544e-02
    -3.3274272088315349e-02 2.1511127628319804e-02
    9.9575737451692981e-01 -8.9467996978298173e-02
    3.5331684519057382e-02 8.8675654693730996e-02 9.9543372473193004e-01</data></R>
<T type_id="opencv-matrix">
  <rows>3</rows>
  <cols>1</cols>
  <dt>d</dt>
  <data>
    8.1760974907951894e-02 7.1303442734865427e-03 1.0136489597206585e-01</data></T>
<E type_id="opencv-matrix">
  <rows>3</rows>
  <cols>3</cols>
  <dt>d</dt>
  <data>
    -1.9285461399033749e-03 -1.0030255473468289e-01
    1.6166699365311992e-02 9.8389385338711124e-02
    -9.7411445674113993e-03 -8.4760474919114717e-02
    -5.3654706844285839e-03 8.1589314485445263e-02
    -7.0777336405680007e-03</data></E>
<F type_id="opencv-matrix">
  <rows>3</rows>
  <cols>3</cols>
  <dt>d</dt>
  <data>
    8.8305429617074265e-07 2.4070744288170980e-05
    -3.6706049227149132e-03 -1.5625692676349561e-05
    8.1081387160117100e-07 6.5163153315145311e-03 1.5939328488269022e-03
    -1.2239847939728984e-02 1.</data></F>
<R1 type_id="opencv-matrix">
  <rows>3</rows>
  <cols>3</cols>
  <dt>d</dt>
  <data>
    -6.5498271875026404e-01 -1.0795137840219945e-01
    -7.4789313276669267e-01 1.1539150498522689e-01
    -9.9242367646286123e-01 4.2190602901389491e-02
    -7.4678138616047263e-01 -5.8666398363999908e-02
    6.6247702978083678e-01</data></R1>
<R2 type_id="opencv-matrix">
  <rows>3</rows>
  <cols>3</cols>
  <dt>d</dt>
  <data>
    -6.2688373049415713e-01 -5.4670297448179847e-02
    -7.7719234879060450e-01 1.3827665711823259e-01
    -9.8950570182503095e-01 -4.1928893998767952e-02
    -7.6674399543650551e-01 -1.3375210141407398e-01
    6.2786465168010819e-01</data></R2>
<P1 type_id="opencv-matrix">
  <rows>3</rows>
  <cols>4</cols>
  <dt>d</dt>
  <data>
    1.3543248702860574e+03 0. -2.9833340148925781e+03 0. 0.
    1.3543248702860574e+03 3.7577705097198486e+02 0. 0. 0. 1. 0.</data></P1>
<P2 type_id="opencv-matrix">
  <rows>3</rows>
  <cols>4</cols>
  <dt>d</dt>
  <data>
    1.3543248702860574e+03 0. -2.9833340148925781e+03
    -1.7663709608380978e+02 0. 1.3543248702860574e+03
    3.7577705097198486e+02 0. 0. 0. 1. 0.</data></P2>
<Q type_id="opencv-matrix">
  <rows>4</rows>
  <cols>4</cols>
  <dt>d</dt>
  <data>
    1. 0. 0. 2.9833340148925781e+03 0. 1. 0. -3.7577705097198486e+02 0.
    0. 0. 1.3543248702860574e+03 0. 0. 7.6672731850361995e+00 0.</data></Q>
</opencv_storage>
