<?xml version="1.0"?>
<opencv_storage>
<ST_RMS>6.1781763855665828e-01</ST_RMS>
<K1 type_id="opencv-matrix">
  <rows>3</rows>
  <cols>3</cols>
  <dt>d</dt>
  <data>
    5.7864975101111520e+02 0. 225. 0. 5.7864975101111520e+02 225. 0. 0.
    1.</data></K1>
<D1 type_id="opencv-matrix">
  <rows>1</rows>
  <cols>14</cols>
  <dt>d</dt>
  <data>
    -1.7627411821004555e-02 -3.2570720911737039e-01
    -2.6288047039651874e-02 -6.1436428787075593e-03 0. 0. 0.
    -1.6637907451703615e+00 0. 0. 0. 0. 0. 0.</data></D1>
<K2 type_id="opencv-matrix">
  <rows>3</rows>
  <cols>3</cols>
  <dt>d</dt>
  <data>
    5.5262428842337147e+02 0. 225. 0. 5.5262428842337147e+02 225. 0. 0.
    1.</data></K2>
<D2 type_id="opencv-matrix">
  <rows>1</rows>
  <cols>14</cols>
  <dt>d</dt>
  <data>
    4.1448522298917830e-02 -5.3576688390850891e-01
    -3.0990698060363142e-02 6.8446466651764595e-04 0. 0. 0.
    -2.4170607602622263e+00 0. 0. 0. 0. 0. 0.</data></D2>
<R type_id="opencv-matrix">
  <rows>3</rows>
  <cols>3</cols>
  <dt>d</dt>
  <data>
    9.9918136418932157e-01 -6.1018663112863561e-03
    -3.9992107774977470e-02 5.4660885160929323e-03
    9.9985724761190664e-01 -1.5987691336671647e-02
    4.0083953561250191e-02 1.5756002838970211e-02 9.9907208200481601e-01</data></R>
<T type_id="opencv-matrix">
  <rows>3</rows>
  <cols>1</cols>
  <dt>d</dt>
  <data>
    8.8256441883125966e-02 2.1584673552739312e-05 5.3968078249837893e-05</data></T>
<E type_id="opencv-matrix">
  <rows>3</rows>
  <cols>3</cols>
  <dt>d</dt>
  <data>
    5.7020475956570415e-07 -5.3620286000011710e-05
    2.2427469722821302e-05 -3.4837432198760484e-03
    -1.3908980548664996e-03 -8.8176705439713482e-02
    4.6085051988257087e-04 8.8243974772074921e-02
    -1.4101535347093089e-03</data></E>
<F type_id="opencv-matrix">
  <rows>3</rows>
  <cols>3</cols>
  <dt>d</dt>
  <data>
    -2.2569384532672002e-09 2.1223548789874067e-07
    -9.8612259412680665e-05 1.3789071210551944e-05
    5.5053404096340787e-06 1.9761557412646916e-01
    -4.1100759099841865e-03 -1.9430716441881107e-01 1.</data></F>
<R1 type_id="opencv-matrix">
  <rows>3</rows>
  <cols>3</cols>
  <dt>d</dt>
  <data>
    -9.9920699532557389e-01 5.8476976077975031e-03
    3.9385085059274558e-02 -5.5358929550800339e-03
    -9.9995250573432426e-01 8.0212321270540822e-03
    3.9430120233502050e-02 7.7968396375678092e-03 9.9919191095106319e-01</data></R1>
<R2 type_id="opencv-matrix">
  <rows>3</rows>
  <cols>3</cols>
  <dt>d</dt>
  <data>
    -9.9999978313236881e-01 -2.4456763054539856e-04
    -6.1149152848668370e-04 2.4942945304986695e-04
    -9.9996826079044587e-01 -7.9633659138955044e-03
    -6.0952453869618853e-04 -7.9635167108966908e-03
    9.9996810493206822e-01</data></R2>
<P1 type_id="opencv-matrix">
  <rows>3</rows>
  <cols>4</cols>
  <dt>d</dt>
  <data>
    -4.8633168876214143e+02 0. 2.1320354843139648e+02 0. 0.
    -4.8633168876214143e+02 2.3336605072021484e+02 0. 0. 0. 1. 0.</data></P1>
<P2 type_id="opencv-matrix">
  <rows>3</rows>
  <cols>4</cols>
  <dt>d</dt>
  <data>
    -4.8633168876214143e+02 0. 2.1320354843139648e+02
    4.2921913733532200e+01 0. -4.8633168876214143e+02
    2.3336605072021484e+02 0. 0. 0. 1. 0.</data></P2>
<Q type_id="opencv-matrix">
  <rows>4</rows>
  <cols>4</cols>
  <dt>d</dt>
  <data>
    1. 0. 0. -2.1320354843139648e+02 0. 1. 0. -2.3336605072021484e+02 0.
    0. 0. -4.8633168876214143e+02 0. 0. 1.1330615213976373e+01 0.</data></Q>
</opencv_storage>
