<?xml version="1.0"?>
<opencv_storage>
<R type_id="opencv-matrix">
  <rows>3</rows>
  <cols>3</cols>
  <dt>d</dt>
  <data>
    9.6681355377244971e-01 1.1533618979050170e-01 2.2796735636159812e-01
    -1.4221152037336598e-01 9.8423378709523024e-01
    1.0516527855369703e-01 -2.1224381195922346e-01
    -1.3409480103564922e-01 9.6797270034863458e-01</data></R>
<T type_id="opencv-matrix">
  <rows>3</rows>
  <cols>1</cols>
  <dt>d</dt>
  <data>
    -3.8426739474898097e-01 -1.7321403991899359e-01
    -9.0924769145510753e-01</data></T>
<E type_id="opencv-matrix">
  <rows>3</rows>
  <cols>3</cols>
  <dt>d</dt>
  <data>
    -9.2541888480539722e-02 9.1813940098797431e-01
    -7.2045175212502047e-02 -9.6063136850827169e-01
    -1.5639742415159369e-01 1.6468155525219891e-01
    2.2211293193453013e-01 -3.5823110580853074e-01
    -9.2444084283475197e-04</data></E>
<F type_id="opencv-matrix">
  <rows>3</rows>
  <cols>3</cols>
  <dt>d</dt>
  <data>
    -7.9613785441968585e-07 2.6589593141185076e-05
    -7.7173278720756855e-03 -1.8565102954255089e-05
    -1.0174740571285737e-05 8.0948255716231637e-03
    7.0050143467864532e-03 -9.7479447989101617e-03
    9.9999999999999989e-01</data></F>
<R1 type_id="opencv-matrix">
  <rows>3</rows>
  <cols>3</cols>
  <dt>d</dt>
  <data>
    1.5356254491908633e-01 9.2674189568653920e-02 9.8378353278847197e-01
    -5.1229491062323240e-01 8.5880908808433165e-01
    -9.3529315885441944e-04 -8.4496891620195580e-01
    -5.0384367100475902e-01 1.7935742482802391e-01</data></R1>
<R2 type_id="opencv-matrix">
  <rows>3</rows>
  <cols>3</cols>
  <dt>d</dt>
  <data>
    3.8342556889819540e-01 1.7283457484203057e-01 9.0725577587264195e-01
    -3.9645511145093215e-01 9.1802479891072997e-01
    -7.3357473608850962e-03 -8.3415117198234756e-01
    -3.5687347663294944e-01 4.2051533141656988e-01</data></R2>
<P1 type_id="opencv-matrix">
  <rows>3</rows>
  <cols>4</cols>
  <dt>d</dt>
  <data>
    1.0635692669464083e+03 0. 1.9749646743774414e+05 0. 0.
    1.0635692669464083e+03 -7.5129782974243164e+04 0. 0. 0. 1. 0.</data></P1>
<P2 type_id="opencv-matrix">
  <rows>3</rows>
  <cols>4</cols>
  <dt>d</dt>
  <data>
    1.0635692669464083e+03 0. 1.9749646743774414e+05
    -1.0659043749194871e+03 0. 1.0635692669464083e+03
    -7.5129782974243164e+04 0. 0. 0. 1. 0.</data></P2>
<Q type_id="opencv-matrix">
  <rows>4</rows>
  <cols>4</cols>
  <dt>d</dt>
  <data>
    1. 0. 0. -1.9749646743774414e+05 0. 1. 0. 7.5129782974243164e+04 0.
    0. 0. 1.0635692669464083e+03 0. 0. 9.9780927067378344e-01 0.</data></Q>
</opencv_storage>
