<?xml version="1.0"?>
<opencv_storage>
<R type_id="opencv-matrix">
  <rows>3</rows>
  <cols>3</cols>
  <dt>d</dt>
  <data>
    9.9680479310026027e-01 3.3797592245176037e-03 7.9804646982061703e-02
    -1.2596917100360117e-02 9.9325340654575112e-01
    1.1527787326641431e-01 -7.8876626017558946e-02
    -1.1591482913262269e-01 9.9012233095473667e-01</data></R>
<T type_id="opencv-matrix">
  <rows>3</rows>
  <cols>1</cols>
  <dt>d</dt>
  <data>
    -8.1349640035181400e-02 -1.0106614136776786e-01
    -5.6993095451417508e-01</data></T>
<E type_id="opencv-matrix">
  <rows>3</rows>
  <cols>3</cols>
  <dt>d</dt>
  <data>
    7.9238324875899237e-04 5.7780092657481419e-01
    -3.4367415126563633e-02 -5.7452649232965414e-01
    -1.1355859025535819e-02 3.5062956584809360e-02
    1.0176796880720682e-01 -8.0459227862640426e-02
    -1.3122657605502078e-03</data></E>
<F type_id="opencv-matrix">
  <rows>3</rows>
  <cols>3</cols>
  <dt>d</dt>
  <data>
    1.3899406493558304e-08 3.4118690560704046e-05
    -8.8462277090979018e-03 -2.0928724518449477e-05
    -1.3925341201336664e-06 -1.5497458540887172e-03
    6.3074818561954845e-03 -1.6354966954564027e-03 1.</data></F>
<R1 type_id="opencv-matrix">
  <rows>3</rows>
  <cols>3</cols>
  <dt>d</dt>
  <data>
    -7.6295001158644471e-01 6.4641659356185643e-01
    7.2709963642910921e-03 5.9643603957401231e-02 5.9187536858272549e-02
    9.9646348452295197e-01 6.4370017890879649e-01 7.6068549548978270e-01
    -8.3711747229687994e-02</data></R1>
<R2 type_id="opencv-matrix">
  <rows>3</rows>
  <cols>3</cols>
  <dt>d</dt>
  <data>
    -7.5774723670223521e-01 6.5250448664809080e-01
    -7.5511703886430373e-03 1.3917548653905382e-01
    1.7290708835835988e-01 9.7505554854174947e-01 6.3753377104020492e-01
    7.3779470972591410e-01 -2.2183249780794004e-01</data></R2>
<P1 type_id="opencv-matrix">
  <rows>3</rows>
  <cols>4</cols>
  <dt>d</dt>
  <data>
    3.0879306723043642e+03 0. -1.5385543319702148e+04 0. 0.
    3.0879306723043642e+03 3.3575599853515625e+04 0. 0. 0. 1. 0.</data></P1>
<P2 type_id="opencv-matrix">
  <rows>3</rows>
  <cols>4</cols>
  <dt>d</dt>
  <data>
    3.0879306723043642e+03 0. -1.5385543319702148e+04 0. 0.
    3.0879306723043642e+03 3.3575599853515625e+04
    -1.8049302710723148e+03 0. 0. 1. 0.</data></P2>
<Q type_id="opencv-matrix">
  <rows>4</rows>
  <cols>4</cols>
  <dt>d</dt>
  <data>
    1. 0. 0. 1.5385543319702148e+04 0. 1. 0. -3.3575599853515625e+04 0.
    0. 0. 3.0879306723043642e+03 0. 0. 1.7108310064908019e+00 0.</data></Q>
</opencv_storage>
