<?xml version="1.0"?>
<opencv_storage>
<ST_RMS>6.3032219210418184e+01</ST_RMS>
<R type_id="opencv-matrix">
  <rows>3</rows>
  <cols>3</cols>
  <dt>d</dt>
  <data>
    9.8646191094448887e-01 -6.7442988970028622e-02
    1.4948023780599168e-01 2.8857932147134530e-02 9.6868437426818588e-01
    2.4661265742221039e-01 -1.6143146535895225e-01
    -2.3896030274386942e-01 9.5751650414215816e-01</data></R>
<T type_id="opencv-matrix">
  <rows>3</rows>
  <cols>1</cols>
  <dt>d</dt>
  <data>
    -1.6443749617205398e-02 -6.8011017517879552e-02
    -9.6080639824870362e-02</data></T>
<E type_id="opencv-matrix">
  <rows>3</rows>
  <cols>3</cols>
  <dt>d</dt>
  <data>
    1.3751806803184049e-02 1.0932374780403259e-01
    -4.1426969822833573e-02 -9.7434430163111957e-02
    2.5505621451702362e-03 1.3830047588820078e-03 6.6615745695268791e-02
    -2.0515669612864107e-02 6.1110662809156233e-03</data></E>
<F type_id="opencv-matrix">
  <rows>3</rows>
  <cols>3</cols>
  <dt>d</dt>
  <data>
    4.6613747899403513e-06 3.0016577439869041e-05
    -1.0986690830062068e-02 -5.3233231075626837e-05
    1.1287523993362652e-06 7.3778346542569418e-04 1.4304353728184163e-02
    -3.6072385113045586e-03 1.</data></F>
<R1 type_id="opencv-matrix">
  <rows>3</rows>
  <cols>3</cols>
  <dt>d</dt>
  <data>
    -9.7715717836669669e-01 2.0559507293753293e-01
    -5.3800694700406070e-02 2.2491850151072731e-02
    3.5178530593860086e-01 9.3581045901532145e-01 2.1132431342185282e-01
    9.1322383045422961e-01 -3.4837375051413833e-01</data></R1>
<R2 type_id="opencv-matrix">
  <rows>3</rows>
  <cols>3</cols>
  <dt>d</dt>
  <data>
    -9.8583642433909890e-01 1.5769006673949640e-01
    5.7099801208001691e-02 1.3834707092741352e-01 5.7220070138666590e-01
    8.0836034371956478e-01 9.4797850250442656e-02 8.0481066107768517e-01
    -5.8591225230711286e-01</data></R2>
<P1 type_id="opencv-matrix">
  <rows>3</rows>
  <cols>4</cols>
  <dt>d</dt>
  <data>
    2.1752334792967912e+02 0. -3.8639554023742676e+01 0. 0.
    2.1752334792967912e+02 1.2309741210937500e+02 0. 0. 0. 1. 0.</data></P1>
<P2 type_id="opencv-matrix">
  <rows>3</rows>
  <cols>4</cols>
  <dt>d</dt>
  <data>
    2.1752334792967912e+02 0. -3.8639554023742676e+01 0. 0.
    2.1752334792967912e+02 1.2309741210937500e+02
    -2.5854537036990010e+01 0. 0. 1. 0.</data></P2>
<Q type_id="opencv-matrix">
  <rows>4</rows>
  <cols>4</cols>
  <dt>d</dt>
  <data>
    1. 0. 0. 3.8639554023742676e+01 0. 1. 0. -1.2309741210937500e+02 0.
    0. 0. 2.1752334792967912e+02 0. 0. 8.4133530458684724e+00 0.</data></Q>
</opencv_storage>
