<?xml version="1.0"?>
<opencv_storage>
<ST_RMS>5.5047152085839585e+01</ST_RMS>
<R type_id="opencv-matrix">
  <rows>3</rows>
  <cols>3</cols>
  <dt>d</dt>
  <data>
    9.7267274610908694e-01 -7.8593486333652804e-02
    2.1847378076677687e-01 4.1290728665026435e-02 9.8452011762015601e-01
    1.7033852684435585e-01 -2.2847933101906376e-01
    -1.5666270107181257e-01 9.6086106872427968e-01</data></R>
<T type_id="opencv-matrix">
  <rows>3</rows>
  <cols>1</cols>
  <dt>d</dt>
  <data>
    -2.4104601998011375e-02 -6.2309125385475658e-02
    -1.0100322413062837e-01</data></T>
<E type_id="opencv-matrix">
  <rows>3</rows>
  <cols>3</cols>
  <dt>d</dt>
  <data>
    1.8406844006327069e-02 1.0920122198541209e-01
    -4.2665672404221755e-02 -1.0375048671999633e-01
    4.1619034580959394e-03 1.0946173915300852e-03 5.9611091515667687e-02
    -2.8628556988714447e-02 9.5069678047252464e-03</data></E>
<F type_id="opencv-matrix">
  <rows>3</rows>
  <cols>3</cols>
  <dt>d</dt>
  <data>
    2.4774160867563601e-06 2.4457261528945394e-05
    -6.8441199202006883e-03 -2.3655109717299644e-05
    1.5790196466768225e-06 3.5620522923344745e-04 5.3338403033335842e-03
    -4.2639336352982985e-03 1.</data></F>
<R1 type_id="opencv-matrix">
  <rows>3</rows>
  <cols>3</cols>
  <dt>d</dt>
  <data>
    -9.5371419923009826e-01 2.8802686076708583e-01
    -8.6427736656412055e-02 2.4290169569366957e-02
    3.6025460973766688e-01 9.3253772246759681e-01 2.9973190328889548e-01
    8.8727512285616306e-01 -3.5057615793347546e-01</data></R1>
<R2 type_id="opencv-matrix">
  <rows>3</rows>
  <cols>3</cols>
  <dt>d</dt>
  <data>
    -9.6917103870423305e-01 2.2946671127523749e-01
    8.9735868823367967e-02 1.9904776212657416e-01 5.1452797142496876e-01
    8.3405093070729741e-01 1.4521530955570994e-01 8.2619973071759911e-01
    -5.4434044387019975e-01</data></R2>
<P1 type_id="opencv-matrix">
  <rows>3</rows>
  <cols>4</cols>
  <dt>d</dt>
  <data>
    2.5053950466438670e+02 0. -1.4196400833129883e+02 0. 0.
    2.5053950466438670e+02 -2.4755462646484375e+02 0. 0. 0. 1. 0.</data></P1>
<P2 type_id="opencv-matrix">
  <rows>3</rows>
  <cols>4</cols>
  <dt>d</dt>
  <data>
    2.5053950466438670e+02 0. -1.4196400833129883e+02 0. 0.
    2.5053950466438670e+02 -2.4755462646484375e+02
    -3.0340230807888538e+01 0. 0. 1. 0.</data></P2>
<Q type_id="opencv-matrix">
  <rows>4</rows>
  <cols>4</cols>
  <dt>d</dt>
  <data>
    1. 0. 0. 1.4196400833129883e+02 0. 1. 0. 2.4755462646484375e+02 0.
    0. 0. 2.5053950466438670e+02 0. 0. 8.2576664050705162e+00 0.</data></Q>
<Epipolar_err>9.0853365350652631e+00</Epipolar_err>
</opencv_storage>
