<?xml version="1.0"?>
<opencv_storage>
<K1 type_id="opencv-matrix">
  <rows>3</rows>
  <cols>3</cols>
  <dt>d</dt>
  <data>
    3.4346300000000002e+02 0. 3. 0. 5.9677400000000000e+02
    4.5000000000000000e+00 0. 0. 1.</data></K1>
<K2 type_id="opencv-matrix">
  <rows>3</rows>
  <cols>3</cols>
  <dt>d</dt>
  <data>
    7.6369299999999998e+02 0. -1.3225700000000001e+02 0.
    9.7449400000000003e+02 8.2488100000000006e+00 0. 0. 1.</data></K2>
<D1 type_id="opencv-matrix">
  <rows>5</rows>
  <cols>1</cols>
  <dt>d</dt>
  <data>
    -1.1806900000000000e-02 3.3522899999999997e-05
    7.2050000000000000e-04 2.0142400000000000e-03
    -2.4341500000000000e-08</data></D1>
<D2 type_id="opencv-matrix">
  <rows>5</rows>
  <cols>1</cols>
  <dt>d</dt>
  <data>
    -1.5190100000000001e-01 -1.3287900000000000e-01
    -1.5273699999999999e-02 -1.8981000000000001e-02
    5.7985299999999997e-02</data></D2>
<R type_id="opencv-matrix">
  <rows>3</rows>
  <cols>3</cols>
  <dt>d</dt>
  <data>
    9.8136343242379209e-01 -1.3063191396798746e-01
    -1.4092947368969205e-01 9.8831544331594037e-02
    9.7207709584182478e-01 -2.1283431486664922e-01
    1.6479726741188838e-01 1.9493953624851001e-01 9.6687146915233280e-01</data></R>
<T type_id="opencv-matrix">
  <rows>3</rows>
  <cols>1</cols>
  <dt>d</dt>
  <data>
    -6.4371431081538637e-03 3.7787419671856770e-03
    -3.1466772319562858e-03</data></T>
<E type_id="opencv-matrix">
  <rows>3</rows>
  <cols>3</cols>
  <dt>d</dt>
  <data>
    9.3371732079412838e-04 3.7954390718776170e-03 2.9838369045904912e-03
    -2.0272103749193913e-03 1.6659101617187450e-03
    6.6673495802954770e-03 -4.3445119816234922e-03
    -5.7637750825278019e-03 1.9025810597671296e-03</data></E>
<F type_id="opencv-matrix">
  <rows>3</rows>
  <cols>3</cols>
  <dt>d</dt>
  <data>
    1.4601704131973182e-06 3.4160185346883181e-06 1.5829139422958282e-03
    -2.4844289980491222e-06 1.1750312369887551e-06
    2.8086392057312245e-03 -4.9749617410746599e-03
    -3.5196225399343820e-03 1.</data></F>
<R1 type_id="opencv-matrix">
  <rows>3</rows>
  <cols>3</cols>
  <dt>d</dt>
  <data>
    7.9776830550544642e-01 -4.8154279693647822e-01
    3.6288051125620235e-01 5.5463706654960754e-01 8.2213188661726522e-01
    -1.2836232085928612e-01 -2.3652368832786103e-01
    3.0367037347382098e-01 9.2295224639959295e-01</data></R1>
<R2 type_id="opencv-matrix">
  <rows>3</rows>
  <cols>3</cols>
  <dt>d</dt>
  <data>
    7.9466494032746438e-01 -4.6648547490933234e-01
    3.8845712030153662e-01 4.5499390781594701e-01 8.8131112118729338e-01
    1.2755881593198184e-01 -4.0185591505503709e-01
    7.5379104334095143e-02 9.1259509869660616e-01</data></R2>
<P1 type_id="opencv-matrix">
  <rows>3</rows>
  <cols>4</cols>
  <dt>d</dt>
  <data>
    7.8563400000000001e+02 0. -1.4518669903278351e+03 0. 0.
    7.8563400000000001e+02 -1.0482278718948364e+03 0. 0. 0. 1. 0.</data></P1>
<P2 type_id="opencv-matrix">
  <rows>3</rows>
  <cols>4</cols>
  <dt>d</dt>
  <data>
    7.8563400000000001e+02 0. -1.4518669903278351e+03
    -6.3639884333482435e+00 0. 7.8563400000000001e+02
    -1.0482278718948364e+03 0. 0. 0. 1. 0.</data></P2>
<Q type_id="opencv-matrix">
  <rows>4</rows>
  <cols>4</cols>
  <dt>d</dt>
  <data>
    1. 0. 0. 1.4518669903278351e+03 0. 1. 0. 1.0482278718948364e+03 0.
    0. 0. 7.8563400000000001e+02 0. 0. 1.2344994153087416e+02 0.</data></Q>
</opencv_storage>
