<?xml version="1.0"?>
<opencv_storage>
<K1 type_id="opencv-matrix">
  <rows>3</rows>
  <cols>3</cols>
  <dt>d</dt>
  <data>
    3.7800620726613829e+03 0. -3.1755948729482674e+02 0.
    1.1229121494824278e+03 1.9261696600003947e+02 0. 0. 1.</data></K1>
<D1 type_id="opencv-matrix">
  <rows>5</rows>
  <cols>1</cols>
  <dt>d</dt>
  <data>
    1.4868590865763727e+00 -8.1378770760740537e+01
    -1.1083262197914685e-01 7.0807453263179859e-02
    5.4090864670269502e+02</data></D1>
 <!-- resumed -->

<K2 type_id="opencv-matrix">
  <rows>3</rows>
  <cols>3</cols>
  <dt>d</dt>
  <data>
    2.2559128044493536e+03 0. -4.5065365221910270e+02 0.
    1.0042263844103888e+03 1.6445445780730233e+02 0. 0. 1.</data></K2>
<D2 type_id="opencv-matrix">
  <rows>5</rows>
  <cols>1</cols>
  <dt>d</dt>
  <data>
    -6.2603783939371005e-01 -5.4394594877929716e+00
    -3.5480348457094031e-02 7.8186067098214795e-02
    1.3870619738270449e+01</data></D2>
</opencv_storage>
