<?xml version="1.0"?>
<opencv_storage>
<RMS1>1.8049178769052904e+02</RMS1>
<K1 type_id="opencv-matrix">
  <rows>3</rows>
  <cols>3</cols>
  <dt>d</dt>
  <data>
    1.1713841244993503e+03 0. 2.9999965826741231e+00 0.
    7.0394483371686931e+02 4.4999938608391812e+00 0. 0. 1.</data></K1>
<D1 type_id="opencv-matrix">
  <rows>5</rows>
  <cols>1</cols>
  <dt>d</dt>
  <data>
    -2.1258961479955575e-02 1.0462666413385385e-04
    2.4426750158194985e-04 4.7458734866987531e-04
    -1.2215588017237940e-07</data></D1>
 <!-- resumed -->

<RMS2>1.5273620334171932e+02</RMS2>
<K2 type_id="opencv-matrix">
  <rows>3</rows>
  <cols>3</cols>
  <dt>d</dt>
  <data>
    6.5246231475297679e+02 0. 3.0000049071663542e+00 0.
    3.8515915929789742e+02 4.5000020340527911e+00 0. 0. 1.</data></K2>
<D2 type_id="opencv-matrix">
  <rows>5</rows>
  <cols>1</cols>
  <dt>d</dt>
  <data>
    -2.7968036264563220e-02 1.8154439709683120e-04
    9.4368731562565044e-03 1.5176261230390232e-03
    -2.9706030095352756e-07</data></D2>
</opencv_storage>
