<?xml version="1.0"?>
<opencv_storage>
<RMS1>2.7215978168422629e+02</RMS1>
<K1 type_id="opencv-matrix">
  <rows>3</rows>
  <cols>3</cols>
  <dt>d</dt>
  <data>
    7.7178582864310999e+02 0. 2.9999836591067659e+00 0.
    9.5280581877874499e+02 4.5001487757251946e+00 0. 0. 1.</data></K1>
<D1 type_id="opencv-matrix">
  <rows>5</rows>
  <cols>1</cols>
  <dt>d</dt>
  <data>
    -2.8564828384231765e-02 1.1071768594069994e-04
    -7.7711912130908828e-03 2.9628479988185828e-02
    -9.9925213575436155e-08</data></D1>
 <!-- resumed -->

<RMS2>1.8825250918569091e+02</RMS2>
<K2 type_id="opencv-matrix">
  <rows>3</rows>
  <cols>3</cols>
  <dt>d</dt>
  <data>
    6.2349688409344139e+02 0. 3.0003771933299666e+00 0.
    3.8682823884901990e+02 4.4999338448137411e+00 0. 0. 1.</data></K2>
<D2 type_id="opencv-matrix">
  <rows>5</rows>
  <cols>1</cols>
  <dt>d</dt>
  <data>
    -3.7463151581229599e-02 6.3956899996196948e-05
    2.8083726659089998e-02 4.5202347700018606e-03 4.7181610371012685e-07</data></D2>
</opencv_storage>
