<?xml version="1.0"?>
<opencv_storage>
<RMS1>1.0787445949572614e+02</RMS1>
<K1 type_id="opencv-matrix">
  <rows>3</rows>
  <cols>3</cols>
  <dt>d</dt>
  <data>
    7.8101669544868366e+02 0. 8.6392530154080774e+01 0.
    4.5213111912826969e+02 -3.0571274263077739e+00 0. 0. 1.</data></K1>
<D1 type_id="opencv-matrix">
  <rows>5</rows>
  <cols>1</cols>
  <dt>d</dt>
  <data>
    -9.8986064815613686e-02 7.6082363752317768e-04
    5.0583032428350074e-03 3.2904256946344602e-03 1.6464537095367668e-06</data></D1>
 <!-- resumed -->

<RMS2>1.6902146186598523e+02</RMS2>
<K2 type_id="opencv-matrix">
  <rows>3</rows>
  <cols>3</cols>
  <dt>d</dt>
  <data>
    7.6541862961533400e+02 0. 3.0000022245919529e+00 0.
    6.0089262724473588e+02 4.5000158998411210e+00 0. 0. 1.</data></K2>
<D2 type_id="opencv-matrix">
  <rows>5</rows>
  <cols>1</cols>
  <dt>d</dt>
  <data>
    -5.1897640331543211e-02 6.3208392369237571e-04
    3.7634796907252675e-03 1.6987345793026804e-03
    -1.5465043468876586e-06</data></D2>
</opencv_storage>
